1,1,2023-05-15,1500
2,2,2023-04-12,1400
3,3,2023-03-20,1600
4,4,2023-02-25,1300
5,5,2023-01-30,1200
6,6,2023-04-18,1500
7,7,2023-05-10,1400
8,8,2023-03-22,1600
9,9,2023-02-15,1300
10,10,2023-01-10,1200
11,11,2023-04-20,1500
12,12,2023-05-25,1400
13,13,2023-03-30,1600
14,14,2023-02-05,1300
15,15,2023-01-12,1200
16,16,2023-04-11,1500
17,17,2023-05-09,1400
18,18,2023-03-21,1600
19,19,2023-02-16,1300
20,20,2023-01-15,1200
21,21,2023-04-15,1500
22,22,2023-05-12,1400
23,23,2023-03-19,1600
24,24,2023-02-10,1300
25,25,2023-01-11,1200
26,26,2023-04-14,1500
27,27,2023-05-20,1400
28,28,2023-03-25,1600
29,29,2023-02-20,1300
30,30,2023-01-14,1200
31,31,2023-04-10,1500
32,32,2023-05-11,1400
33,33,2023-03-12,1600
34,34,2023-02-11,1300
35,35,2023-01-13,1200
36,36,2023-04-09,1500
37,37,2023-05-08,1400
38,38,2023-03-22,1600
39,39,2023-02-12,1300
40,40,2023-01-16,1200
41,41,2023-04-16,1500
42,42,2023-05-07,1400
43,43,2023-03-16,1600
44,44,2023-02-18,1300
45,45,2023-01-18,1200
46,46,2023-04-17,1500
47,47,2023-05-06,1400
48,48,2023-03-11,1600
49,49,2023-02-09,1300
50,50,2023-01-17,1200
